16 69240952
413 8203534
272 7597376
445 7477809
223 6754525
167 6383989
375 6301075
258 6006068
304 5991333
332 5951067
122 5819195
299 5771992
296 5542611
489 5516687
431 5496434
477 5460184
484 5459440
2 5430919
432 5384891
117 5372212
487 5263894
328 5229680
300 5211901
78 5209289
196 5195124
442 5184197
279 5148234
131 5123578
462 5061276
435 5038149
56 5034274
470 5013103
453 4992572
98 4946636
409 4930293
268 4927164
391 4925622
136 4913561
54 4898834
173 4887373
250 4880907
324 4877154
93 4872840
427 4859377
260 4847422
126 4790340
277 4780276
159 4768643
211 4767968
243 4766741
22 4747597
309 4736988
124 4736449
440 4735972
201 4726295
418 4719518
39 4713446
257 4686965
193 4685784
415 4671164
388 4668697
154 4657359
247 4648379
236 4637096
497 4634974
356 4634680
241 4617615
33 4614222
408 4606281
163 4595681
13 4589993
407 4588674
389 4587069
449 4566113
27 4556105
83 4543070
398 4539569
358 4533336
177 4532476
287 4501860
137 4479957
110 4452431
455 4445400
232 4416130
473 4415383
176 4406533
467 4397110
262 4391956
307 4388111
191 4381510
41 4362078
337 4361115
140 4348931
420 4337932
218 4315639
295 4314712
294 4307526
9 4307526
206 4306809
52 4305894
105 4299100
143 4285445
72 4275123
217 4273374
466 4272579
221 4272002
366 4265683
399 4265563
14 4255622
430 4253825
146 4244914
60 4233741
381 4223338
74 4222661
478 4222551
153 4219086
349 4209443
165 4198574
360 4196617
233 4186767
113 4181747
362 4167500
45 4165248
222 4164801
488 4160425
283 4159230
457 4153329
179 4139065
428 4126858
197 4117940
496 4105599
438 4087940
499 4085874
326 4068046
205 4056675
464 4050981
172 4050587
230 4039654
207 4038737
494 4032870
329 4027218
238 4020430
342 4020426
264 4011129
273 4009831
285 4008720
454 4002487
86 3991996
67 3989947
325 3983951
305 3981022
170 3980215
63 3970716
293 3968442
341 3968297
184 3961133
490 3958079
90 3957014
459 3954843
82 3954376
335 3949964
291 3947409
164 3946556
289 3946213
149 3940267
338 3937441
411 3935363
198 3904475
187 3896868
256 3887238
364 3874942
99 3873053
315 3867813
310 3853613
57 3850950
350 3846387
425 3819562
439 3815210
343 3802423
215 3789532
352 3788633
204 3770986
189 3764359
234 3740070
297 3738271
421 3733271
23 3732747
40 3724723
21 3713914
142 3713234
10 3713179
130 3712515
102 3711545
383 3700121
81 3695181
249 3687187
373 3687137
62 3678388
417 3676527
280 3670318
128 3670245
255 3669579
200 3665604
212 3657568
354 3644238
261 3641439
114 3640146
116 3627207
141 3626382
400 3621689
17 3618243
107 3608308
433 3607189
437 3606096
92 3603398
228 3596935
125 3585440
112 3566682
139 3560150
97 3553050
133 3552569
274 3542487
313 3541821
121 3537264
376 3526232
156 3521448
61 3520030
456 3517976
158 3507857
118 3505940
181 3498916
44 3498334
495 3497602
403 3489072
161 3484302
252 3480632
69 3476823
31 3469677
348 3464213
392 3461378
303 3444778
32 3428423
386 3425437
458 3416832
180 3385522
111 3368208
11 3361841
259 3360299
84 3355513
357 3354382
451 3353838
96 3342860
426 3340196
248 3338685
448 3338577
471 3337666
157 3329491
422 3318031
108 3307321
155 3304595
480 3297229
271 3291910
266 3281802
486 3281205
393 3280570
308 3270933
378 3264665
281 3263370
410 3261939
160 3261452
278 3253507
327 3247354
28 3238077
103 3233092
95 3228010
253 3222954
323 3210675
77 3209730
404 3205416
359 3204997
70 3201890
318 3194133
194 3188347
76 3184376
331 3181755
87 3170875
185 3168674
368 3167913
385 3167108
240 3166086
15 3165790
120 3164596
237 3155897
85 3154562
288 3153057
419 3148773
382 3147224
8 3145037
5 3140685
59 3139607
144 3134567
270 3123742
263 3102526
267 3100914
365 3089130
380 3076818
452 3071130
152 3050150
213 3046445
104 3044777
166 3041375
406 3037126
321 3020975
371 3020392
132 3019023
460 3018729
91 3013438
18 3009772
301 3009653
35 3006600
292 3002858
472 2994965
416 2993178
475 2984666
276 2981882
265 2980753
367 2966821
396 2962808
379 2962543
182 2958387
199 2953640
492 2950743
49 2943942
202 2942214
145 2936829
183 2933454
192 2930811
474 2925321
65 2910083
322 2894184
444 2890202
245 2886519
225 2879060
186 2872892
242 2869057
468 2860576
43 2855645
239 2844279
100 2838553
134 2833598
446 2829306
319 2825565
3 2822233
361 2820918
483 2809747
476 2799722
147 2791195
369 2771464
320 2760999
374 2759123
115 2753350
148 2749659
195 2736933
150 2734844
101 2728598
347 2726175
169 2721473
24 2720182
429 2709984
401 2699774
38 2698818
485 2693363
174 2675270
235 2673275
46 2669331
36 2668250
498 2667742
209 2662729
390 2660535
314 2654395
135 2652401
405 2649221
29 2648543
162 2640899
51 2624791
465 2615629
48 2607916
395 2600236
334 2597589
423 2590103
340 2582889
447 2578598
377 2570346
227 2556955
269 2555892
254 2554077
302 2552740
339 2552587
434 2536747
384 2527684
20 2527536
37 2514064
58 2509960
138 2503441
479 2483138
12 2476836
75 2470577
469 2468441
275 2465830
79 2463557
463 2459784
414 2435185
219 2431460
231 2429423
345 2429109
80 2409058
251 2408973
123 2407996
175 2382760
387 2372282
68 2365376
351 2352145
436 2344488
312 2340755
491 2338810
216 2337798
355 2337217
151 2336724
168 2335234
353 2327984
171 2320394
220 2316065
127 2313206
94 2310894
203 2309603
64 2300700
42 2286939
34 2280890
298 2279119
317 2265375
19 2263253
129 2261711
412 2253265
226 2245316
71 2242488
73 2240273
244 2240214
290 2236826
229 2223380
55 2221120
53 2219221
50 2197369
397 2188204
25 2177235
443 2168514
1 2162738
224 2149577
246 2134557
482 2133694
190 2117382
316 2116762
344 2114896
0 2106456
336 2091477
119 2091023
47 2082690
284 2080304
286 2078541
109 2073520
461 2066934
330 2059117
178 2036791
372 2030035
214 2029615
282 2017073
208 2006475
88 1986812
333 1968846
363 1962065
30 1952615
7 1922857
188 1893518
424 1888528
66 1755143
26 1723027
441 1684886
346 1650148
394 1635749
106 1608695
4 1597947
370 1579349
306 1499227
210 1230787
402 1189266
493 1114823
481 884639
450 827724
311 826745
89 511704
6 233299
