3 99860401
40 68428171
2 66221526
36 59410416
85 57622053
1 57554364
18 57469815
62 57031412
21 56091035
66 55365257
97 54936165
44 54374119
38 53681998
28 53452218
52 52450816
55 47884191
5 47361936
13 45905324
94 44509907
12 44266864
91 43807793
30 42442380
77 42267645
14 41971018
57 41778396
63 41525186
70 41468822
31 40099142
82 39934327
90 39321351
71 39287896
32 38915058
61 38526474
23 37824381
87 37797248
89 37759748
37 37194215
10 36904803
26 36763657
79 36395762
80 36211962
54 35659263
84 35383387
50 35315635
58 35095553
27 34795621
15 34789164
81 34350654
19 34238864
8 34155378
25 34114980
83 33827778
53 33378055
96 32454800
39 32174681
11 32080493
51 31822102
9 31507006
60 31331560
17 31102591
74 29661296
69 29397434
4 29393701
33 29371373
65 29190328
95 29178129
0 29162291
46 28938481
41 28844925
99 28694637
88 28467645
59 28150634
48 27618016
35 27497320
45 27350399
34 26878534
68 26756067
78 26666217
93 26024845
56 25116291
16 24572925
20 24366313
86 23787793
43 23762669
73 23646032
7 23487586
76 23346347
6 22416195
49 22357071
29 22047050
98 21287168
92 21005969
75 20287733
67 19886869
22 18971243
42 17895246
72 17679394
24 15817449
47 14585391
64 9479874
