462 48691797
207 14133199
187 7343527
395 6915248
68 6691065
199 6488416
132 6394250
351 5693867
275 5629638
394 5594267
158 5484961
16 5460266
336 5386359
79 5294382
281 5281587
119 5253495
182 5222815
7 5195927
272 5154181
245 5147533
191 5125754
454 5065844
14 5024238
358 5011610
475 4998496
448 4986581
1 4946663
110 4938364
432 4925891
13 4881087
125 4877867
65 4863293
253 4818566
449 4812246
205 4795765
102 4792509
11 4787278
164 4787014
384 4786248
270 4765976
235 4709801
227 4707218
3 4702908
370 4695396
350 4673369
485 4653736
267 4643631
402 4635317
129 4595804
148 4593966
50 4585348
264 4571384
491 4560065
372 4555213
426 4541758
63 4531612
298 4511227
157 4501247
367 4494350
184 4493737
116 4489316
56 4481739
378 4481555
333 4481526
124 4481176
138 4480777
6 4476358
128 4476216
334 4471146
451 4454197
122 4451429
262 4435894
308 4428519
232 4409505
331 4401018
175 4390661
473 4379307
355 4377347
250 4365195
459 4358451
76 4354211
366 4338518
427 4327368
104 4305423
228 4305218
401 4303498
142 4269823
439 4269261
311 4266197
189 4263113
213 4261617
72 4257549
478 4256914
304 4252362
100 4252224
20 4243138
263 4238763
101 4219737
136 4216618
224 4204471
112 4198071
388 4191728
82 4182354
238 4178546
440 4164510
206 4156184
406 4143594
252 4126107
234 4124992
185 4124900
273 4101395
382 4096411
0 4091702
58 4088603
236 4087808
345 4083411
393 4080743
77 4079702
302 4077675
57 4074188
314 4068382
160 4059959
319 4052043
309 4043816
357 4033303
149 4025691
365 4022966
83 4014990
397 4008614
54 4007950
127 3995679
237 3985349
109 3982697
274 3979383
348 3977868
64 3974551
346 3965347
316 3965220
457 3962436
283 3962336
223 3961899
277 3944646
154 3943763
93 3942813
8 3930784
317 3925392
328 3924083
66 3912993
220 3906632
404 3904399
416 3902990
163 3897666
197 3896989
487 3896380
280 3896357
219 3879739
458 3865987
121 3852571
108 3852475
89 3850559
5 3850263
39 3841225
208 3838439
494 3837608
210 3826665
279 3824226
271 3814000
438 3811887
27 3801552
472 3800352
456 3785850
42 3782377
123 3778448
221 3777331
381 3773434
49 3771401
10 3767701
379 3759948
150 3759473
23 3755371
134 3747950
354 3742118
483 3729725
349 3724863
414 3721076
229 3719302
180 3713818
4 3709172
31 3704576
383 3703937
400 3686940
430 3676956
429 3668449
176 3667076
47 3663813
244 3657688
183 3654354
201 3651705
470 3649793
41 3643738
396 3643439
18 3642164
413 3636092
377 3618798
492 3614846
53 3611523
296 3603115
356 3595754
159 3595463
94 3586007
9 3585188
498 3584106
447 3582484
243 3579778
30 3568128
84 3564948
241 3552528
339 3549922
320 3548875
343 3548723
480 3545196
411 3542414
186 3540466
249 3539858
181 3531642
300 3528234
216 3526095
409 3525586
32 3523694
303 3515661
297 3511042
321 3508748
435 3506736
162 3498494
140 3486878
256 3484117
29 3472133
466 3467605
75 3466515
37 3465139
99 3462834
380 3457464
405 3451074
415 3444451
389 3436488
255 3435344
21 3427532
461 3418718
455 3416772
329 3414936
282 3409304
40 3406716
477 3403141
499 3391030
452 3389704
288 3384530
247 3381316
420 3376174
25 3375173
78 3362949
55 3362503
326 3358554
168 3355124
130 3354642
362 3346982
12 3346620
294 3341147
239 3333948
113 3332415
153 3325986
497 3315256
445 3311019
446 3304294
324 3301680
332 3298889
422 3294710
170 3290116
493 3281394
363 3273451
335 3271394
260 3265173
209 3263515
26 3259780
217 3259421
386 3249059
195 3246150
146 3242347
305 3232211
161 3230007
144 3223409
436 3219536
489 3218470
287 3214865
315 3207010
385 3206740
118 3197844
190 3196286
407 3195267
424 3186099
131 3180852
45 3176829
52 3173661
215 3165593
177 3161755
211 3160895
135 3149416
106 3147753
178 3144511
327 3141076
226 3134554
74 3132602
33 3128179
88 3127461
284 3127280
2 3125636
344 3123268
44 3122095
192 3117713
62 3117619
59 3116578
225 3108153
139 3107234
443 3101926
173 3099465
43 3099028
265 3095560
318 3093614
312 3092263
87 3088911
290 3087184
322 3085525
313 3073510
464 3070667
231 3069895
126 3069644
490 3069474
437 3064159
276 3059873
371 3051808
376 3051729
145 3051208
48 3042199
359 3033313
310 3032477
286 3032358
242 3020678
431 3019787
337 3018876
171 3015563
368 3013540
403 3013490
292 3003951
266 2997694
369 2976757
444 2969242
86 2965718
90 2941980
111 2937664
364 2936695
299 2934830
98 2926041
165 2908712
133 2893583
301 2893219
268 2891373
152 2888698
204 2883459
36 2874816
19 2871140
418 2863694
251 2857587
486 2848924
120 2843371
390 2820101
137 2817133
361 2815001
387 2812738
421 2808865
69 2806868
278 2805252
34 2792272
196 2788658
441 2784817
306 2783202
453 2782088
258 2779335
95 2775728
293 2774803
233 2771152
107 2765325
15 2760235
96 2757138
202 2754161
481 2734611
85 2731769
166 2720301
246 2707849
73 2707234
460 2705285
103 2704211
60 2703389
428 2702950
97 2700416
261 2699929
360 2696950
24 2693445
474 2692292
476 2686904
352 2681296
35 2675773
408 2663706
254 2663355
147 2663216
412 2651899
410 2651561
496 2647240
71 2634468
375 2627484
156 2616128
471 2614448
222 2610645
391 2609456
398 2605188
248 2604744
174 2604250
80 2593903
141 2590581
193 2576822
341 2572636
46 2570844
425 2561473
374 2558122
468 2537362
479 2535599
269 2525799
417 2525470
203 2506043
342 2504750
467 2471707
338 2470030
399 2451578
465 2448176
105 2445788
325 2425821
169 2419235
22 2405928
167 2405927
38 2404230
172 2403527
240 2400441
230 2395168
179 2393218
373 2380723
151 2377214
495 2371601
434 2370051
259 2360441
257 2351963
115 2343180
91 2343157
143 2327047
218 2326341
212 2315864
323 2289083
484 2270348
117 2267491
194 2260417
469 2259553
61 2251268
28 2250687
419 2244997
392 2219258
70 2212576
92 2181842
214 2181236
307 2165917
433 2141308
442 2122567
289 2108433
285 2043431
291 2023921
353 2003613
488 1994683
17 1993761
463 1950229
67 1944124
114 1914263
188 1873473
330 1824370
51 1667342
155 1665327
340 1647526
347 1645315
81 1587265
450 1551766
482 1395321
198 1273060
200 1262103
423 653482
295 596145
